[138.0928298453451,765.1989734653617
[150.18081892644986,752.8316792831756
[143.45235638618465,741.9217302322389
[134.47739534601564,730.0114375233653
[135.95774061214175,719.0302851399408
[124.68278972506519,710.7353310465813
[111.40461735725397,702.8066876411439
[92.82339455485337,696.076510310173
[98.0216766506433,685.4301397874951
[109.81845567971462,679.1150681979954
[105.34619166254991,672.4449395418167
[117.78464747071261,663.5097709417344
[110.69615378258743,653.377458629012
[111.3871613200404,638.517242913402
[104.88232498168938,626.7261970520018
[99.04883266827086,614.3186818930318
[93.35215525627129,604.2686762988565
[87.93322120606891,594.6766544267533
[89.88112812042229,589.077917432785
[88.86966114044182,575.7116978168486
[109.19291558265681,570.9283417224883
[118.35844726562496,559.0879364013671
[118.52024545371529,552.7657277986406
[121.84848632812495,547.7708496093746
[133.3238199301995,535.4460863520272
[148.1182277679443,528.7450618743894
[126.37215489236398,525.7395164809535
[104.8980696819722,520.9392167113718
[91.1714566634036,516.160075250454
[71.53970146179194,514.1524555206297
[92.98923335075372,510.5130346298216
[99.58097428083413,502.25960658788665
[84.844772390637,492.7293744478839
[80.02352468902238,483.1530858040786
[64.70719590187066,469.28689870834336
[61.11948187947266,458.2936318218707
[80.79415046414353,449.99273683577775
[86.2176223754882,442.95539283752436
[90.34078788757317,434.2259777069092
[99.20413322448722,422.8388237953186
[108.78444265574208,411.64178288280965
[112.83169860839836,402.2740234375001
[120.01428833007805,393.1672668457031
[105.62449951171867,388.1965454101563
[107.40359687805167,382.50385704040536
[114.1498644930659,369.66051037360467
[135.40649769445872,364.9089102955537
[140.52425969317545,358.49182853028196
[121.43350552518378,351.0695764497041
[106.27471858859053,346.9874724984171
[92.00237086266269,340.9501802705231
[92.90699157714835,331.0307128906253
[112.04016265869132,326.89718933105496
[90.89720153808584,322.1472839355472
[97.99999999999991,315.731677246094
[99.77926025390613,308.50676193237337
[111.81436433792105,301.90969085693393
[117.02565538455953,296.48883470800973
[100.35139825344073,290.99311052560836
[103.02479174099852,286.940412011091
[117.72883697152126,283.78632614016567
[120.92699199542393,274.40756297484074
[110.58418192863452,267.1339700222019
[106.46133695244778,258.74774250388185
[97.01208322271692,250.49960983395613
[97.50405402407037,242.87679894343054
[109.03139976952211,235.2999252366837
[120.6862827301024,226.49948043823284
[113.46947217211113,218.48677213341034
[95.08604949042189,209.39043499529402
[112.00935279065729,201.33014322565904
[122.16698274612413,192.18080120086708
[119.55440692901595,176.14033889770548
[112.77304687499984,168.1287109375004
[108.85927860839277,160.62383043253834
[115.77655105590806,150.56548347473185
[116.28807951118783,143.12602093108038
[106.9517054557799,136.8978556633
[95.40375976562487,129.96418457031288
[97.84302833974348,121.86218463107984
[92.16035609245287,113.58051792383233
[112.34935052767383,105.05268791616002
[99.90875206366168,96.03429949656167
[100.25397211313235,87.57398156523743
[99.58787904605254,77.10860060900488
[104.28745560124501,65.08890563845674
[111.44179577827438,58.24235100746193
[120.49358880519853,47.740184859931844
[125.5957749366759,35.119021177292254
[143.99101562499985,28.188769531250387
[135.89961128234847,21.84110741019288
[156.39987047120215,14.029695287847812
[174.94746007919306,3.7123831748963414