[345.23,1162.98],
[375.45,1132.08],
[358.62,1104.8],
[336.18,1075.03],
[339.88,1047.57],
[311.7,1026.83],
[278.5,1007.0],
[232.05,990.18],
[245.05,963.57],
[274.52,947.78],
[263.35,931.1],
[294.45,908.75],
[276.73,883.42],
[278.45,846.27],
[262.2,816.8],
[247.6,785.77],
[233.38,760.65],
[219.83,736.67],
[224.7,722.68],
[222.15,689.28],
[272.98,677.3],
[295.88,647.7],
[296.3,631.9],
[304.6,619.42],
[333.3,588.6],
[370.28,571.85],
[315.93,564.33],
[262.23,552.32],
[227.93,540.4],
[178.82,535.38],
[232.45,526.27],
[248.95,505.62],
[212.1,481.8],
[200.05,457.87],
[161.75,423.2],
[152.78,395.73],
[201.98,374.98],
[215.52,357.38],
[225.85,335.55],
[248.0,307.07],
[271.95,279.1],
[282.07,255.67],
[300.03,232.9],
[264.05,220.47],
[268.5,206.25],
[285.35,174.15],
[338.5,162.25],
[351.3,146.23],
[303.58,127.65],
[265.68,117.45],
[230.0,102.37],
[232.25,77.57],
[280.1,67.22],
[227.22,55.35],
[244.97,39.33],
[249.42,21.25],
[279.52,4.75],
[292.55,-8.8],
[250.88,-22.52],
[257.55,-32.65],
[294.3,-40.55],
[302.3,-64.0],
[276.45,-82.18],
[266.15,-103.15],
[242.53,-123.77],
[243.75,-142.82],
[272.57,-161.78],
[301.7,-183.77],
[283.65,-203.8],
[237.7,-226.53],
[280.0,-246.67],
[305.4,-269.55],
[298.88,-309.65],
[281.93,-329.7],
[272.12,-348.45],
[289.43,-373.6],
[290.7,-392.2],
[267.38,-407.78],
[238.5,-425.1],
[244.6,-445.35],
[230.4,-466.05],
[280.85,-487.38],
[249.75,-509.93],
[250.62,-531.08],
[248.95,-557.25],
[260.7,-587.3],
[278.6,-604.4],
[301.22,-630.65],
[313.98,-662.22],
[359.98,-679.55],
[339.72,-695.4],
[390.97,-714.95],
[437.35,-740.73],
